Fragmentation:  8384512
Fragmentation:  3072,8056768
Fragmentation:  3072,64,8056704
Fragmentation:  3072,64,8056704
Fragmentation:  3072,64,8056704
Fragmentation:  3072,8384448
Fragmentation:  3072,8318912
Fragmentation:  3072,8318912
Fragmentation:  3072,8318912
Fragmentation:  3072,8318912
Fragmentation:  3072,8318912
Fragmentation:  3072,8318912
Fragmentation:  3072,8318912
Fragmentation:  3072,8318912
Fragmentation:  3072,8318912
Fragmentation:  3072,8318912
Fragmentation:  3072,8318912
Fragmentation:  3072,8318912
Fragmentation:  3072,8318912
Fragmentation:  3072,8318912
Fragmentation:  3072,8318912
Fragmentation:  3072,8318912
Fragmentation:  3072,8318912
Fragmentation:  3072,8318912
Fragmentation:  3072,8318912
Fragmentation:  3072,8318912
Fragmentation:  3072,8318912
Fragmentation:  3072,8318912
Fragmentation:  3072,8318912
Fragmentation:  3072,8318912
Fragmentation:  3072,8318912
Fragmentation:  3072,8318912
Fragmentation:  3072,8318912
Fragmentation:  3072,8318912
Fragmentation:  3072,8318912
Fragmentation:  3072,8318912
Fragmentation:  3072,8318912
Fragmentation:  3072,8318912
Fragmentation:  3072,8318912
Fragmentation:  3072,8318912
Fragmentation:  3072,8318912
Fragmentation:  3072,8318912
Fragmentation:  3072,8318912
Fragmentation:  3072,8318912
Fragmentation:  3072,8318912
Fragmentation:  3072,8318912
Fragmentation:  3072,8318912
Fragmentation:  3072,8318912
Fragmentation:  8323008
Fragmentation:  6747008
Fragmentation:  128,5105472
Fragmentation:  192,128,3464000
Fragmentation:  256,192,128,1822592
Fragmentation:  320,256,192,128,181248
Fragmentation:  384,320,256,192,128,47296
Fragmentation:  448,384,320,256,192,128,44480
Fragmentation:  512,448,384,320,256,192,128,41728
Fragmentation:  576,512,448,384,320,256,192,128,39040
Fragmentation:  640,576,512,448,384,320,256,192,128,36416
Fragmentation:  704,640,576,512,448,384,320,256,192,128,33856
Fragmentation:  768,704,640,576,512,448,384,320,256,192,128,31360
Fragmentation:  832,768,704,640,576,512,448,384,320,256,192,128,28928
Fragmentation:  896,832,768,704,640,576,512,448,384,320,256,192,128,26560
Fragmentation:  960,896,832,768,704,640,576,512,448,384,320,256,192,128,24256
Fragmentation:  1024,960,896,832,768,704,640,576,512,448,384,320,256,192,128,22016
Fragmentation:  1088,1024,960,896,832,768,704,640,576,512,448,384,320,256,192,128,19840
Fragmentation:  1152,1088,1024,960,896,832,768,704,640,576,512,448,384,320,256,192,128,17728
Fragmentation:  1216,1152,1088,1024,960,896,832,768,704,640,576,512,448,384,320,256,192,128,15680
Fragmentation:  1280,1216,1152,1088,1024,960,896,832,768,704,640,576,512,448,384,320,256,192,128,13696
Fragmentation:  1344,1280,1216,1152,1088,1024,960,896,832,768,704,640,576,512,448,384,320,256,192,128,11776
Fragmentation:  1408,1344,1280,1216,1152,1088,1024,960,896,832,768,704,640,576,512,448,384,320,256,192,128,9920
Fragmentation:  1472,1408,1344,1280,1216,1152,1088,1024,960,896,832,768,704,640,576,512,448,384,320,256,192,128,8128
Fragmentation:  1536,1472,1408,1344,1280,1216,1152,1088,1024,960,896,832,768,704,640,576,512,448,384,320,256,192,128,6400
Fragmentation:  1600,1536,1472,1408,1344,1280,1216,1152,1088,1024,960,896,832,768,704,640,576,512,448,384,320,256,192,128,4736
Fragmentation:  1664,1600,1536,1472,1408,1344,1280,1216,1152,1088,1024,960,896,832,768,704,640,576,512,448,384,320,256,192,128,3136
Fragmentation:  1728,1664,1600,1536,1472,1408,1344,1280,1216,1152,1088,1024,960,896,832,768,704,640,576,512,448,384,320,256,192,128,1600
Fragmentation:  1792,1728,1664,1600,1536,1472,1408,1344,1280,1216,1152,1088,1024,960,896,832,768,704,640,576,512,448,384,320,256,192,128,128
Fragmentation:  576,1792,1728,1664,1600,1536,1472,1408,1344,1280,1216,1152,1088,1024,960,896,832,768,704,640,576,512,448,384,320,256,192,128
Fragmentation:  1280,1792,1728,1664,1600,1536,1472,1408,1344,1280,1216,1152,1088,1024,960,896,832,768,704,640,576,512,448,384,320,256,192
Fragmentation:  320,1856,1792,1728,1664,1600,1536,1472,1408,1344,1280,1216,1152,1088,1024,960,896,832,768,704,640,576,512,448,384,320,256
Fragmentation:  1408,1856,1792,1728,1664,1600,1536,1472,1408,1344,1280,1216,1152,1088,1024,960,896,832,768,704,640,576,512,448,384,320
Fragmentation:  768,1920,1856,1792,1728,1664,1600,1536,1472,1408,1344,1280,1216,1152,1088,1024,960,896,832,768,704,640,576,512,448,384
Fragmentation:  256,1984,1920,1856,1792,1728,1664,1600,1536,1472,1408,1344,1280,1216,1152,1088,1024,960,896,832,768,704,640,576,512,448
Fragmentation:  1920,1984,1920,1856,1792,1728,1664,1600,1536,1472,1408,1344,1280,1216,1152,1088,1024,960,896,832,768,704,640,576,512
Fragmentation:  1728,2048,1984,1920,1856,1792,1728,1664,1600,1536,1472,1408,1344,1280,1216,1152,1088,1024,960,896,832,768,704,640,576
Fragmentation:  1664,2112,2048,1984,1920,1856,1792,1728,1664,1600,1536,1472,1408,1344,1280,1216,1152,1088,1024,960,896,832,768,704,640
Fragmentation:  1728,2176,2112,2048,1984,1920,1856,1792,1728,1664,1600,1536,1472,1408,1344,1280,1216,1152,1088,1024,960,896,832,768,704
Fragmentation:  64,64,1792,2240,2176,2112,2048,1984,1920,1856,1792,1728,1664,1600,1536,1472,1408,1344,1280,1216,1152,1088,1024,960,896,832,768
Fragmentation:  64,128,64,128,1856,2304,2240,2176,2112,2048,1984,1920,1856,1792,1728,1664,1600,1536,1472,1408,1344,1280,1216,1152,1088,1024,960,896,832
Fragmentation:  64,128,64,192,128,192,1920,2368,2304,2240,2176,2112,2048,1984,1920,1856,1792,1728,1664,1600,1536,1472,1408,1344,1280,1216,1152,1088,1024,960,896
Fragmentation:  64,64,128,192,64,256,192,64,256,1984,2432,2368,2304,2240,2176,2112,2048,1984,1920,1856,1792,1728,1664,1600,1536,1472,1408,1344,1280,1216,1152,1088,1024,960
Fragmentation:  64,64,128,64,192,192,128,320,64,256,128,320,2048,2496,2432,2368,2304,2240,2176,2112,2048,1984,1920,1856,1792,1728,1664,1600,1536,1472,1408,1344,1280,1216,1152,1088,1024
Fragmentation:  64,128,128,192,128,256,192,128,384,128,320,192,64,384,2112,2560,2496,2432,2368,2304,2240,2176,2112,2048,1984,1920,1856,1792,1728,1664,1600,1536,1472,1408,1344,1280,1216,1152,1088
Fragmentation:  64,128,64,128,192,256,192,320,192,192,448,192,384,256,128,448,2176,2624,2560,2496,2432,2368,2304,2240,2176,2112,2048,1984,1920,1856,1792,1728,1664,1600,1536,1472,1408,1344,1280,1216,1152
Fragmentation:  64,128,64,128,64,64,192,256,320,192,384,64,192,192,512,256,448,320,192,64,512,2240,2688,2624,2560,2496,2432,2368,2304,2240,2176,2112,2048,1984,1920,1856,1792,1728,1664,1600,1536,1472,1408,1344,1280,1216
Fragmentation:  64,128,192,128,192,64,64,256,320,384,256,448,64,192,256,576,320,512,384,256,64,576,64,2304,2752,2688,2624,2560,2496,2432,2368,2304,2240,2176,2112,2048,1984,1920,1856,1792,1728,1664,1600,1536,1472,1408,1344,1280
Fragmentation:  64,64,64,192,256,64,128,320,128,256,384,448,320,512,128,192,256,640,384,576,448,448,640,128,2368,2816,2752,2688,2624,2560,2496,2432,2368,2304,2240,2176,2112,2048,1984,1920,1856,1792,1728,1664,1600,1536,1472,1408,1344
Fragmentation:  64,128,128,64,576,256,896,448,512,320,576,384,1024,448,640,512,448,704,64,192,64,2432,2880,2816,2752,2688,2624,2560,2496,2432,2368,2304,2240,2176,2112,2048,1984,1920,1856,1792,1728,1664,1600,1536,1472,1408
Fragmentation:  64,128,128,64,576,256,896,448,512,320,576,384,66560,448,640,512,448,66240,64,192,64,67968,68416,68352,2752,2688,2624,2560,2496,2432,2368,2304,2240,2176,2112,2048,1984,1920,1856,1792,1728,1664,1600,1536,1472,1408,64
Fragmentation:  128,128,64,576,256,896,448,512,320,576,384,1024,448,640,512,448,704,64,192,64,2432,2880,2816,2752,2688,2624,2560,2496,2432,2368,2304,2240,2176,2112,2048,1984,1920,1856,1792,1728,1664,1600,1536,1472,1408,64
Fragmentation:  128,128,64,576,256,896,448,512,320,576,384,1024,448,640,512,448,704,64,192,64,2432,2880,2816,2752,2688,2624,2560,2496,2432,2368,2304,2240,2176,2112,2048,1984,1920,1856,1792,1728,1664,1600,1536,1472,1408,64
Fragmentation:  128,128,64,576,256,896,448,512,320,576,384,1024,448,640,512,448,704,64,192,64,2432,2880,2816,2752,2688,2624,2560,2496,2432,2368,2304,2240,2176,2112,2048,1984,1920,1856,1792,1728,1664,1600,1536,1472,1408,64
Fragmentation:  128,128,64,576,256,896,448,512,320,576,384,1024,448,640,512,448,704,64,192,64,2432,2880,2816,2752,2688,2624,2560,2496,2432,2368,2304,2240,2176,2112,2048,1984,1920,1856,1792,1728,1664,1600,1536,1472,1408,64
Fragmentation:  128,128,64,576,256,896,448,512,320,576,384,1024,448,640,512,448,704,64,192,64,2432,2880,2816,2752,2688,2624,2560,2496,2432,2368,2304,2240,2176,2112,2048,1984,1920,1856,1792,1728,1664,1600,1536,1472,1408,64
Fragmentation:  128,128,64,576,256,896,448,512,320,576,384,1024,448,640,512,448,704,64,192,64,2432,2880,2816,2752,2688,2624,2560,2496,2432,2368,2304,2240,2176,2112,2048,1984,1920,1856,1792,1728,1664,1600,1536,1472,1408,64
Fragmentation:  128,128,64,576,256,896,448,512,320,576,384,1024,448,640,512,448,704,64,192,64,2432,2880,2816,2752,2688,2624,2560,2496,2432,2368,2304,2240,2176,2112,2048,1984,1920,1856,1792,1728,1664,1600,1536,1472,1408,64
Fragmentation:  128,128,64,576,256,896,448,512,320,576,384,1024,448,640,512,448,704,64,192,64,2432,2880,2816,2752,2688,2624,2560,2496,2432,2368,2304,2240,2176,2112,2048,1984,1920,1856,1792,1728,1664,1600,1536,1472,1408,64
Fragmentation:  128,128,64,576,256,896,448,512,320,576,384,1024,448,640,512,448,704,64,192,64,2432,2880,2816,2752,2688,2624,2560,2496,2432,2368,2304,2240,2176,2112,2048,1984,1920,1856,1792,1728,1664,1600,1536,1472,1408,64
Fragmentation:  128,128,64,576,256,896,65984,589824,512,320,576,384,66560,589824,448,640,512,448,66240,589824,64,192,64,67968,589824,68416,589824,68352,68288,2688,2624,2560,2496,2432,2368,2304,2240,2176,2112,2048,1984,1920,1856,1792,1728,1664,1600,1536,1472,1408,64
Fragmentation:  128,128,64,576,256,896,448,655360,512,320,576,384,66560,655360,448,640,512,448,66240,655360,64,192,64,67968,655360,68416,655360,68352,68288,2688,2624,2560,2496,2432,2368,2304,2240,2176,2112,2048,1984,1920,1856,1792,1728,1664,1600,1536,1472,1408,64
Fragmentation:  128,128,64,576,256,896,448,720896,512,320,576,384,66560,720896,448,640,512,448,66240,720896,64,192,64,67968,720896,68416,720896,68352,68288,2688,2624,2560,2496,2432,2368,2304,2240,2176,2112,2048,1984,1920,1856,1792,1728,1664,1600,1536,1472,1408,64
Fragmentation:  128,128,64,576,256,896,448,786432,512,320,576,384,66560,786432,448,640,512,448,66240,786432,64,192,64,67968,786432,68416,786432,68352,68288,2688,2624,2560,2496,2432,2368,2304,2240,2176,2112,2048,1984,1920,1856,1792,1728,1664,1600,1536,1472,1408,64
Fragmentation:  128,128,64,576,256,896,448,851968,512,320,576,384,66560,851968,448,640,512,448,66240,851968,64,192,64,67968,851968,68416,851968,68352,68288,2688,2624,2560,2496,2432,2368,2304,2240,2176,2112,2048,1984,1920,1856,1792,1728,1664,1600,1536,1472,1408,64
Fragmentation:  128,128,64,576,256,896,448,917504,512,320,576,384,66560,917504,448,640,512,448,66240,917504,64,192,64,67968,917504,68416,917504,68352,68288,2688,2624,2560,2496,2432,2368,2304,2240,2176,2112,2048,1984,1920,1856,1792,1728,1664,1600,1536,1472,1408,64
Fragmentation:  128,128,64,576,256,896,448,983040,512,320,576,384,66560,983040,448,640,512,448,66240,983040,64,192,64,67968,983040,68416,983040,68352,68288,2688,2624,2560,2496,2432,2368,2304,2240,2176,2112,2048,1984,1920,1856,1792,1728,1664,1600,1536,1472,1408,64
Fragmentation:  128,128,64,576,256,896,448,1048576,512,320,576,384,66560,1048576,448,640,512,448,66240,1048576,64,192,64,67968,1048576,68416,1048576,68352,68288,2688,2624,2560,2496,2432,2368,2304,2240,2176,2112,2048,1984,1920,1856,1792,1728,1664,1600,1536,1472,1408,64
Fragmentation:  128,128,64,576,256,896,448,1114112,512,320,576,384,66560,1114112,448,640,512,448,66240,1114112,64,192,64,67968,1114112,68416,1114112,68352,68288,2688,2624,2560,2496,2432,2368,2304,2240,2176,2112,2048,1984,1920,1856,1792,1728,1664,1600,1536,1472,1408,64
Fragmentation:  128,128,64,576,256,896,448,1179648,512,320,576,384,66560,1179648,448,640,512,448,66240,1179648,64,192,64,67968,1179648,68416,1179648,68352,68288,2688,2624,2560,2496,2432,2368,2304,2240,2176,2112,2048,1984,1920,1856,1792,1728,1664,1600,1536,1472,1408,64
Fragmentation:  128,128,64,576,256,896,448,1245184,512,320,576,384,66560,1245184,448,640,512,448,66240,1245184,64,192,64,67968,1245184,68416,1245184,68352,68288,2688,2624,2560,2496,2432,2368,2304,2240,2176,2112,2048,1984,1920,1856,1792,1728,1664,1600,1536,1472,1408,64
Fragmentation:  128,128,64,576,256,896,448,1310720,512,320,576,384,66560,1310720,448,640,512,448,66240,1310720,64,192,64,67968,1310720,68416,1310720,68352,68288,2688,2624,2560,2496,2432,2368,2304,2240,2176,2112,2048,1984,1920,1856,1792,1728,1664,1600,1536,1472,1408,64
Fragmentation:  128,128,64,576,256,896,448,1376256,512,320,576,384,66560,1376256,448,640,512,448,66240,1376256,64,192,64,67968,1376256,68416,1376256,68352,68288,2688,2624,2560,2496,2432,2368,2304,2240,2176,2112,2048,1984,1920,1856,1792,1728,1664,1600,1536,1472,1408,64
Fragmentation:  128,128,64,576,256,896,448,1441792,512,320,576,384,66560,1441792,448,640,512,448,66240,1441792,64,192,64,67968,1441792,68416,1441792,68352,68288,2688,2624,2560,2496,2432,2368,2304,2240,2176,2112,2048,1984,1920,1856,1792,1728,1664,1600,1536,1472,1408,64
Fragmentation:  128,128,64,576,256,896,448,1507328,512,320,576,384,66560,1507328,448,640,512,448,66240,1507328,64,192,64,67968,1507328,68416,1507328,68352,68288,2688,2624,2560,2496,2432,2368,2304,2240,2176,2112,2048,1984,1920,1856,1792,1728,1664,1600,1536,1472,1408,64
Fragmentation:  128,128,64,576,256,896,448,1573376,320,576,384,66560,1573312,640,512,448,66240,1572928,192,64,67968,1641280,1641216,68288,2688,2624,2560,2496,2432,2368,2304,2240,2176,2112,2048,1984,1920,1856,1792,1728,1664,1600,1536,1472,1408,64
Fragmentation:  128,128,64,576,256,896,448,1573376,320,576,384,66560,1573312,640,512,448,66240,1572928,192,64,67968,1641280,1641216,68288,2688,2624,2560,2496,2432,2368,2304,2240,2176,2112,2048,1984,1920,1856,1792,1728,1664,1600,1536,1472,1408,64
Fragmentation:  128,128,64,576,256,896,448,1573376,320,576,384,66560,1573312,640,512,448,66240,1572928,192,64,67968,1641280,1641216,68288,2688,2624,2560,2496,2432,2368,2304,2240,2176,2112,2048,1984,1920,1856,1792,1728,1664,1600,1536,1472,1408,64
Fragmentation:  128,128,64,576,256,896,448,1573376,320,576,384,66560,1573312,640,512,448,66240,1572928,192,64,67968,1641280,1641216,68288,2688,2624,2560,2496,2432,2368,2304,2240,2176,2112,2048,1984,1920,1856,1792,1728,1664,1600,1536,1472,1408,64
Fragmentation:  128,128,64,576,256,896,448,1573376,320,576,384,66560,1573312,640,512,448,66240,1572928,192,64,67968,1641280,1641216,68288,2688,2624,2560,2496,2432,2368,2304,2240,2176,2112,2048,1984,1920,1856,1792,1728,1664,1600,1536,1472,1408,64
Fragmentation:  128,128,64,576,256,896,448,1573376,320,576,384,66560,1573312,640,512,448,66240,1572928,192,64,67968,1641280,1641216,68288,2688,2624,2560,2496,2432,2368,2304,2240,2176,2112,2048,1984,1920,1856,1792,1728,1664,1600,1536,1472,1408,64
Fragmentation:  128,128,64,576,256,896,448,1573376,320,576,384,66560,1573312,640,512,448,66240,1572928,192,64,67968,1641280,1641216,68288,2688,2624,2560,2496,2432,2368,2304,2240,2176,2112,2048,1984,1920,1856,1792,1728,1664,1600,1536,1472,1408,64
Fragmentation:  128,128,64,576,256,896,448,1573376,320,576,384,66560,1573312,640,512,448,66240,1572928,192,64,67968,1641280,1641216,68288,2688,2624,2560,2496,2432,2368,2304,2240,2176,2112,2048,1984,1920,1856,1792,1728,1664,1600,1536,1472,1408,64
Fragmentation:  128,128,64,576,256,896,448,1573376,320,576,384,66560,1573312,640,512,448,66240,1572928,192,64,67968,1641280,1641216,68288,2688,2624,2560,2496,2432,2368,2304,2240,2176,2112,2048,1984,1920,1856,1792,1728,1664,1600,1536,1472,1408,64
Fragmentation:  128,128,64,576,256,896,448,1573376,320,576,384,66560,1573312,640,512,448,66240,1572928,192,64,67968,1641280,1641216,68288,2688,2624,2560,2496,2432,2368,2304,2240,2176,2112,2048,1984,1920,1856,1792,1728,1664,1600,1536,1472,1408,64
Fragmentation:  128,128,64,576,256,896,448,1573376,320,576,384,66560,1573312,640,512,448,66240,1572928,192,64,67968,1641280,1641216,68288,2688,2624,2560,2496,2432,2368,2304,2240,2176,2112,2048,1984,1920,1856,1792,1728,1664,1600,1536,1472,1408,64
Fragmentation:  128,128,64,576,256,896,448,1573376,320,576,384,66560,1573312,640,512,448,66240,1572928,192,64,67968,1641280,1641216,68288,2688,2624,2560,2496,2432,2368,2304,2240,2176,2112,2048,1984,1920,1856,1792,1728,1664,1600,1536,1472,1408,64
Fragmentation:  128,128,64,576,256,896,448,1573376,320,576,384,66560,1573312,640,512,448,66240,1572928,192,64,67968,1641280,1641216,68288,2688,2624,2560,2496,2432,2368,2304,2240,2176,2112,2048,1984,1920,1856,1792,1728,1664,1600,1536,1472,1408,64
Fragmentation:  128,128,64,576,256,896,448,1573376,320,576,384,66560,1573312,640,512,448,66240,1572928,192,64,67968,1641280,1641216,68288,2688,2624,2560,2496,2432,2368,2304,2240,2176,2112,2048,1984,1920,1856,1792,1728,1664,1600,1536,1472,1408,64
Fragmentation:  128,128,64,576,256,896,448,1573376,320,576,384,66560,1573312,640,512,448,66240,1572928,192,64,67968,1641280,1641216,68288,2688,2624,2560,2496,2432,2368,2304,2240,2176,2112,2048,1984,1920,1856,1792,1728,1664,1600,1536,1472,1408,64
Fragmentation:  128,128,64,576,256,896,448,1573376,320,576,384,66560,1573312,640,512,448,66240,1572928,192,64,67968,1641280,1641216,68288,2688,2624,2560,2496,2432,2368,2304,2240,2176,2112,2048,1984,1920,1856,1792,1728,1664,1600,1536,1472,1408,64
Fragmentation:  128,128,64,576,256,896,448,1573376,320,576,384,66560,1573312,640,512,448,66240,1572928,192,64,67968,1641280,1641216,68288,2688,2624,2560,2496,2432,2368,2304,2240,2176,2112,2048,1984,1920,1856,1792,1728,1664,1600,1536,1472,1408,64
Fragmentation:  128,128,64,576,256,896,448,1573376,320,576,384,66560,1573312,640,512,448,66240,1572928,192,64,67968,1641280,1641216,68288,2688,2624,2560,2496,2432,2368,2304,2240,2176,2112,2048,1984,1920,1856,1792,1728,1664,1600,1536,1472,1408,64
Fragmentation:  128,128,64,576,256,896,448,1573376,320,576,384,66560,1573312,640,512,448,66240,1572928,192,64,67968,1641280,1641216,68288,2688,2624,2560,2496,2432,2368,2304,2240,2176,2112,2048,1984,1920,1856,1792,1728,1664,1600,1536,1472,1408,64
Fragmentation:  128,128,64,576,256,896,448,1573376,320,576,384,66560,1573312,640,512,448,66240,1572928,192,64,67968,1641280,1641216,68288,2688,2624,2560,2496,2432,2368,2304,2240,2176,2112,2048,1984,1920,1856,1792,1728,1664,1600,1536,1472,1408,64
Fragmentation:  128,128,64,576,256,896,448,1573376,320,576,384,66560,1573312,640,512,448,66240,1572928,192,64,67968,1641280,1641216,68288,2688,2624,2560,2496,2432,2368,2304,2240,2176,2112,2048,1984,1920,1856,1792,1728,1664,1600,1536,1472,1408,64
Fragmentation:  128,128,64,576,256,896,448,1573376,320,576,384,66560,1573312,640,512,448,66240,1572928,192,64,67968,1641280,1641216,68288,2688,2624,2560,2496,2432,2368,2304,2240,2176,2112,2048,1984,1920,1856,1792,1728,1664,1600,1536,1472,1408,64
Fragmentation:  128,128,64,576,256,896,448,1573376,320,576,384,66560,1573312,640,512,448,66240,1572928,192,64,67968,1641280,1641216,68288,2688,2624,2560,2496,2432,2368,2304,2240,2176,2112,2048,1984,1920,1856,1792,1728,1664,1600,1536,1472,1408,64
Fragmentation:  128,128,64,576,256,896,448,1573376,320,576,384,66560,1573312,640,512,448,66240,1572928,192,64,67968,1641280,1641216,68288,2688,2624,2560,2496,2432,2368,2304,2240,2176,2112,2048,1984,1920,1856,1792,1728,1664,1600,1536,1472,1408,64
Fragmentation:  8323072
Fragmentation:  8321984
Fragmentation:  8323008
Fragmentation:  8323008
Fragmentation:  8323008
Fragmentation:  8323008
Fragmentation:  8323008
Fragmentation:  8323008
Fragmentation:  8323008
Fragmentation:  8323008
Fragmentation:  8323008
Fragmentation:  8323008
Fragmentation:  8323008
Fragmentation:  8323008
Fragmentation:  8323008
Fragmentation:  8323008
Fragmentation:  8323008
Fragmentation:  8384512
Fragmentation:  3072,8056768
Fragmentation:  3072,64,8056704
Fragmentation:  3072,64,8056704
Fragmentation:  3072,64,8056704
Fragmentation:  3072,8384448
Fragmentation:  3072,8318912
Fragmentation:  3072,8318912
Fragmentation:  3072,8318912
Fragmentation:  3072,8318912
Fragmentation:  3072,8318912
Fragmentation:  3072,8318912
Fragmentation:  3072,8318912
Fragmentation:  3072,8318912
Fragmentation:  3072,8318912
Fragmentation:  3072,8318912
Fragmentation:  3072,8318912
Fragmentation:  3072,8318912
Fragmentation:  3072,8318912
Fragmentation:  3072,8318912
Fragmentation:  3072,8318912
Fragmentation:  3072,8318912
Fragmentation:  3072,8318912
Fragmentation:  3072,8318912
Fragmentation:  3072,8318912
Fragmentation:  3072,8318912
Fragmentation:  3072,8318912
Fragmentation:  3072,8318912
Fragmentation:  3072,8318912
Fragmentation:  3072,8318912
Fragmentation:  3072,8318912
Fragmentation:  3072,8318912
Fragmentation:  3072,8318912
Fragmentation:  3072,8318912
Fragmentation:  3072,8318912
Fragmentation:  3072,8318912
Fragmentation:  3072,8318912
Fragmentation:  3072,8318912
Fragmentation:  3072,8318912
Fragmentation:  3072,8318912
Fragmentation:  3072,8318912
Fragmentation:  3072,8318912
Fragmentation:  3072,8318912
Fragmentation:  3072,8318912
Fragmentation:  3072,8318912
Fragmentation:  3072,8318912
Fragmentation:  3072,8318912
Fragmentation:  3072,8318912
Fragmentation:  3072,8318912
Fragmentation:  3072,8318912
Fragmentation:  3072,8318912
Fragmentation:  3072,8318912
Fragmentation:  3072,8318912
Fragmentation:  3072,8318912
Fragmentation:  3072,8318912
Fragmentation:  3072,8318912
Fragmentation:  3072,8318912
Fragmentation:  3072,8318912
Fragmentation:  3072,8318912
Fragmentation:  3072,8318912
Fragmentation:  3072,8318912
Fragmentation:  3072,8318912
Fragmentation:  3072,8318912
Fragmentation:  3072,8318912
Fragmentation:  3072,8318912
Fragmentation:  8380416
Fragmentation:  8052672
Fragmentation:  64,8052608
Fragmentation:  64,8052608
Fragmentation:  64,8052608
Fragmentation:  8380352
Fragmentation:  8314816
Fragmentation:  8314816
Fragmentation:  8314816
Fragmentation:  8314816
Fragmentation:  8314816
Fragmentation:  8314816
Fragmentation:  8314816
Fragmentation:  8314816
Fragmentation:  8314816
Fragmentation:  8314816
Fragmentation:  8314816
Fragmentation:  8314752
Fragmentation:  8314752
Fragmentation:  8314752
Fragmentation:  8314752
Fragmentation:  8314752
Fragmentation:  8314752
Fragmentation:  8314752
Fragmentation:  8314752
Fragmentation:  8314752
Fragmentation:  8314752
Fragmentation:  8314752
Fragmentation:  8314752
Fragmentation:  8314752
Fragmentation:  8314752
Fragmentation:  8314752
Fragmentation:  8314752
Fragmentation:  8314752
Fragmentation:  8314752
Fragmentation:  8314752
Fragmentation:  8314752
Fragmentation:  8314752
Fragmentation:  8314752
Fragmentation:  8314752
Fragmentation:  8314752
Fragmentation:  8314752
Fragmentation:  8314752
Fragmentation:  8314752
Fragmentation:  8314752
Fragmentation:  8314752
Fragmentation:  8314752
Fragmentation:  8314752
Fragmentation:  8314752
Fragmentation:  8314752
Fragmentation:  8314752
Fragmentation:  8314752
Fragmentation:  8314752
Fragmentation:  8314752
Fragmentation:  8314752
Fragmentation:  8314752
Fragmentation:  8314752
Fragmentation:  8314752
Fragmentation:  8314752
Fragmentation:  8314752
Fragmentation:  8314752
Fragmentation:  8314752
Fragmentation:  8314752
Fragmentation:  8314752
Fragmentation:  8322944
Fragmentation:  8384512
Fragmentation:  3072,8056768
Fragmentation:  3072,64,8056704
Fragmentation:  3072,64,8056704
Fragmentation:  3072,64,8056704
Fragmentation:  3072,8384448
Fragmentation:  3072,8318912
Fragmentation:  3072,8318912
Fragmentation:  3072,8318912
Fragmentation:  3072,8318912
Fragmentation:  3072,8318912
Fragmentation:  3072,8318912
Fragmentation:  3072,8318912
Fragmentation:  3072,8318912
Fragmentation:  3072,8318912
Fragmentation:  3072,8318912
Fragmentation:  3072,8318912
Fragmentation:  3072,8318912
Fragmentation:  3072,8318912
Fragmentation:  3072,8318912
Fragmentation:  3072,8318912
Fragmentation:  3072,8318912
Fragmentation:  3072,8318912
Fragmentation:  3072,8318912
Fragmentation:  3072,8318912
Fragmentation:  3072,8318912
Fragmentation:  3072,8318912
Fragmentation:  3072,8318912
Fragmentation:  3072,8318912
Fragmentation:  3072,8318912
Fragmentation:  3072,8318912
Fragmentation:  3072,8318912
Fragmentation:  3072,8318912
Fragmentation:  3072,8318912
Fragmentation:  3072,8318912
Fragmentation:  3072,8318912
Fragmentation:  3072,8318912
Fragmentation:  3072,8318912
Fragmentation:  3072,8318912
Fragmentation:  3072,8318912
Fragmentation:  3072,8318912
Fragmentation:  3072,8318912
Fragmentation:  3072,8318912
Fragmentation:  3072,8318912
Fragmentation:  3072,8318912
Fragmentation:  3072,8318912
Fragmentation:  3072,8318912
Fragmentation:  3072,8318912
Fragmentation:  8323008
Fragmentation:  6747008
Fragmentation:  128,5105472
Fragmentation:  192,128,3464000
Fragmentation:  256,192,128,1822592
Fragmentation:  320,256,192,128,181248
Fragmentation:  384,320,256,192,128,47296
Fragmentation:  448,384,320,256,192,128,44480
Fragmentation:  512,448,384,320,256,192,128,41728
Fragmentation:  576,512,448,384,320,256,192,128,39040
Fragmentation:  640,576,512,448,384,320,256,192,128,36416
Fragmentation:  704,640,576,512,448,384,320,256,192,128,33856
Fragmentation:  768,704,640,576,512,448,384,320,256,192,128,31360
Fragmentation:  832,768,704,640,576,512,448,384,320,256,192,128,28928
Fragmentation:  896,832,768,704,640,576,512,448,384,320,256,192,128,26560
Fragmentation:  960,896,832,768,704,640,576,512,448,384,320,256,192,128,24256
Fragmentation:  1024,960,896,832,768,704,640,576,512,448,384,320,256,192,128,22016
Fragmentation:  1088,1024,960,896,832,768,704,640,576,512,448,384,320,256,192,128,19840
Fragmentation:  1152,1088,1024,960,896,832,768,704,640,576,512,448,384,320,256,192,128,17728
Fragmentation:  1216,1152,1088,1024,960,896,832,768,704,640,576,512,448,384,320,256,192,128,15680
Fragmentation:  1280,1216,1152,1088,1024,960,896,832,768,704,640,576,512,448,384,320,256,192,128,13696
Fragmentation:  1344,1280,1216,1152,1088,1024,960,896,832,768,704,640,576,512,448,384,320,256,192,128,11776
Fragmentation:  1408,1344,1280,1216,1152,1088,1024,960,896,832,768,704,640,576,512,448,384,320,256,192,128,9920
Fragmentation:  1472,1408,1344,1280,1216,1152,1088,1024,960,896,832,768,704,640,576,512,448,384,320,256,192,128,8128
Fragmentation:  1536,1472,1408,1344,1280,1216,1152,1088,1024,960,896,832,768,704,640,576,512,448,384,320,256,192,128,6400
Fragmentation:  1600,1536,1472,1408,1344,1280,1216,1152,1088,1024,960,896,832,768,704,640,576,512,448,384,320,256,192,128,4736
Fragmentation:  1664,1600,1536,1472,1408,1344,1280,1216,1152,1088,1024,960,896,832,768,704,640,576,512,448,384,320,256,192,128,3136
Fragmentation:  1728,1664,1600,1536,1472,1408,1344,1280,1216,1152,1088,1024,960,896,832,768,704,640,576,512,448,384,320,256,192,128,1600
Fragmentation:  1792,1728,1664,1600,1536,1472,1408,1344,1280,1216,1152,1088,1024,960,896,832,768,704,640,576,512,448,384,320,256,192,128,128
Fragmentation:  576,1792,1728,1664,1600,1536,1472,1408,1344,1280,1216,1152,1088,1024,960,896,832,768,704,640,576,512,448,384,320,256,192,128
Fragmentation:  1280,1792,1728,1664,1600,1536,1472,1408,1344,1280,1216,1152,1088,1024,960,896,832,768,704,640,576,512,448,384,320,256,192
Fragmentation:  320,1856,1792,1728,1664,1600,1536,1472,1408,1344,1280,1216,1152,1088,1024,960,896,832,768,704,640,576,512,448,384,320,256
Fragmentation:  1408,1856,1792,1728,1664,1600,1536,1472,1408,1344,1280,1216,1152,1088,1024,960,896,832,768,704,640,576,512,448,384,320
Fragmentation:  768,1920,1856,1792,1728,1664,1600,1536,1472,1408,1344,1280,1216,1152,1088,1024,960,896,832,768,704,640,576,512,448,384
Fragmentation:  256,1984,1920,1856,1792,1728,1664,1600,1536,1472,1408,1344,1280,1216,1152,1088,1024,960,896,832,768,704,640,576,512,448
Fragmentation:  1920,1984,1920,1856,1792,1728,1664,1600,1536,1472,1408,1344,1280,1216,1152,1088,1024,960,896,832,768,704,640,576,512
Fragmentation:  1728,2048,1984,1920,1856,1792,1728,1664,1600,1536,1472,1408,1344,1280,1216,1152,1088,1024,960,896,832,768,704,640,576
Fragmentation:  1664,2112,2048,1984,1920,1856,1792,1728,1664,1600,1536,1472,1408,1344,1280,1216,1152,1088,1024,960,896,832,768,704,640
Fragmentation:  1728,2176,2112,2048,1984,1920,1856,1792,1728,1664,1600,1536,1472,1408,1344,1280,1216,1152,1088,1024,960,896,832,768,704
Fragmentation:  64,64,1792,2240,2176,2112,2048,1984,1920,1856,1792,1728,1664,1600,1536,1472,1408,1344,1280,1216,1152,1088,1024,960,896,832,768
Fragmentation:  64,128,64,128,1856,2304,2240,2176,2112,2048,1984,1920,1856,1792,1728,1664,1600,1536,1472,1408,1344,1280,1216,1152,1088,1024,960,896,832
Fragmentation:  64,128,64,192,128,192,1920,2368,2304,2240,2176,2112,2048,1984,1920,1856,1792,1728,1664,1600,1536,1472,1408,1344,1280,1216,1152,1088,1024,960,896
Fragmentation:  64,64,128,192,64,256,192,64,256,1984,2432,2368,2304,2240,2176,2112,2048,1984,1920,1856,1792,1728,1664,1600,1536,1472,1408,1344,1280,1216,1152,1088,1024,960
Fragmentation:  64,64,128,64,192,192,128,320,64,256,128,320,2048,2496,2432,2368,2304,2240,2176,2112,2048,1984,1920,1856,1792,1728,1664,1600,1536,1472,1408,1344,1280,1216,1152,1088,1024
Fragmentation:  64,128,128,192,128,256,192,128,384,128,320,192,64,384,2112,2560,2496,2432,2368,2304,2240,2176,2112,2048,1984,1920,1856,1792,1728,1664,1600,1536,1472,1408,1344,1280,1216,1152,1088
Fragmentation:  64,128,64,128,192,256,192,320,192,192,448,192,384,256,128,448,2176,2624,2560,2496,2432,2368,2304,2240,2176,2112,2048,1984,1920,1856,1792,1728,1664,1600,1536,1472,1408,1344,1280,1216,1152
Fragmentation:  64,128,64,128,64,64,192,256,320,192,384,64,192,192,512,256,448,320,192,64,512,2240,2688,2624,2560,2496,2432,2368,2304,2240,2176,2112,2048,1984,1920,1856,1792,1728,1664,1600,1536,1472,1408,1344,1280,1216
Fragmentation:  64,128,192,128,192,64,64,256,320,384,256,448,64,192,256,576,320,512,384,256,64,576,64,2304,2752,2688,2624,2560,2496,2432,2368,2304,2240,2176,2112,2048,1984,1920,1856,1792,1728,1664,1600,1536,1472,1408,1344,1280
Fragmentation:  64,64,64,192,256,64,128,320,128,256,384,448,320,512,128,192,256,640,384,576,448,448,640,128,2368,2816,2752,2688,2624,2560,2496,2432,2368,2304,2240,2176,2112,2048,1984,1920,1856,1792,1728,1664,1600,1536,1472,1408,1344
Fragmentation:  64,128,128,64,576,256,896,448,512,320,576,384,1024,448,640,512,448,704,64,192,64,2432,2880,2816,2752,2688,2624,2560,2496,2432,2368,2304,2240,2176,2112,2048,1984,1920,1856,1792,1728,1664,1600,1536,1472,1408
Fragmentation:  64,128,128,64,576,256,896,448,512,320,576,384,66560,448,640,512,448,66240,64,192,64,67968,68416,68352,2752,2688,2624,2560,2496,2432,2368,2304,2240,2176,2112,2048,1984,1920,1856,1792,1728,1664,1600,1536,1472,1408,64
Fragmentation:  128,128,64,576,256,896,448,512,320,576,384,1024,448,640,512,448,704,64,192,64,2432,2880,2816,2752,2688,2624,2560,2496,2432,2368,2304,2240,2176,2112,2048,1984,1920,1856,1792,1728,1664,1600,1536,1472,1408,64
Fragmentation:  128,128,64,576,256,896,448,512,320,576,384,1024,448,640,512,448,704,64,192,64,2432,2880,2816,2752,2688,2624,2560,2496,2432,2368,2304,2240,2176,2112,2048,1984,1920,1856,1792,1728,1664,1600,1536,1472,1408,64
Fragmentation:  128,128,64,576,256,896,448,512,320,576,384,1024,448,640,512,448,704,64,192,64,2432,2880,2816,2752,2688,2624,2560,2496,2432,2368,2304,2240,2176,2112,2048,1984,1920,1856,1792,1728,1664,1600,1536,1472,1408,64
Fragmentation:  128,128,64,576,256,896,448,512,320,576,384,1024,448,640,512,448,704,64,192,64,2432,2880,2816,2752,2688,2624,2560,2496,2432,2368,2304,2240,2176,2112,2048,1984,1920,1856,1792,1728,1664,1600,1536,1472,1408,64
Fragmentation:  128,128,64,576,256,896,448,512,320,576,384,1024,448,640,512,448,704,64,192,64,2432,2880,2816,2752,2688,2624,2560,2496,2432,2368,2304,2240,2176,2112,2048,1984,1920,1856,1792,1728,1664,1600,1536,1472,1408,64
Fragmentation:  128,128,64,576,256,896,448,512,320,576,384,1024,448,640,512,448,704,64,192,64,2432,2880,2816,2752,2688,2624,2560,2496,2432,2368,2304,2240,2176,2112,2048,1984,1920,1856,1792,1728,1664,1600,1536,1472,1408,64
Fragmentation:  128,128,64,576,256,896,448,512,320,576,384,1024,448,640,512,448,704,64,192,64,2432,2880,2816,2752,2688,2624,2560,2496,2432,2368,2304,2240,2176,2112,2048,1984,1920,1856,1792,1728,1664,1600,1536,1472,1408,64
Fragmentation:  128,128,64,576,256,896,448,512,320,576,384,1024,448,640,512,448,704,64,192,64,2432,2880,2816,2752,2688,2624,2560,2496,2432,2368,2304,2240,2176,2112,2048,1984,1920,1856,1792,1728,1664,1600,1536,1472,1408,64
Fragmentation:  128,128,64,576,256,896,448,512,320,576,384,1024,448,640,512,448,704,64,192,64,2432,2880,2816,2752,2688,2624,2560,2496,2432,2368,2304,2240,2176,2112,2048,1984,1920,1856,1792,1728,1664,1600,1536,1472,1408,64
Fragmentation:  128,128,64,576,256,896,65984,589824,512,320,576,384,66560,589824,448,640,512,448,66240,589824,64,192,64,67968,589824,68416,589824,68352,68288,2688,2624,2560,2496,2432,2368,2304,2240,2176,2112,2048,1984,1920,1856,1792,1728,1664,1600,1536,1472,1408,64
Fragmentation:  128,128,64,576,256,896,448,655360,512,320,576,384,66560,655360,448,640,512,448,66240,655360,64,192,64,67968,655360,68416,655360,68352,68288,2688,2624,2560,2496,2432,2368,2304,2240,2176,2112,2048,1984,1920,1856,1792,1728,1664,1600,1536,1472,1408,64
Fragmentation:  128,128,64,576,256,896,448,720896,512,320,576,384,66560,720896,448,640,512,448,66240,720896,64,192,64,67968,720896,68416,720896,68352,68288,2688,2624,2560,2496,2432,2368,2304,2240,2176,2112,2048,1984,1920,1856,1792,1728,1664,1600,1536,1472,1408,64
Fragmentation:  128,128,64,576,256,896,448,786432,512,320,576,384,66560,786432,448,640,512,448,66240,786432,64,192,64,67968,786432,68416,786432,68352,68288,2688,2624,2560,2496,2432,2368,2304,2240,2176,2112,2048,1984,1920,1856,1792,1728,1664,1600,1536,1472,1408,64
Fragmentation:  128,128,64,576,256,896,448,851968,512,320,576,384,66560,851968,448,640,512,448,66240,851968,64,192,64,67968,851968,68416,851968,68352,68288,2688,2624,2560,2496,2432,2368,2304,2240,2176,2112,2048,1984,1920,1856,1792,1728,1664,1600,1536,1472,1408,64
Fragmentation:  128,128,64,576,256,896,448,917504,512,320,576,384,66560,917504,448,640,512,448,66240,917504,64,192,64,67968,917504,68416,917504,68352,68288,2688,2624,2560,2496,2432,2368,2304,2240,2176,2112,2048,1984,1920,1856,1792,1728,1664,1600,1536,1472,1408,64
Fragmentation:  128,128,64,576,256,896,448,983040,512,320,576,384,66560,983040,448,640,512,448,66240,983040,64,192,64,67968,983040,68416,983040,68352,68288,2688,2624,2560,2496,2432,2368,2304,2240,2176,2112,2048,1984,1920,1856,1792,1728,1664,1600,1536,1472,1408,64
Fragmentation:  128,128,64,576,256,896,448,1048576,512,320,576,384,66560,1048576,448,640,512,448,66240,1048576,64,192,64,67968,1048576,68416,1048576,68352,68288,2688,2624,2560,2496,2432,2368,2304,2240,2176,2112,2048,1984,1920,1856,1792,1728,1664,1600,1536,1472,1408,64
Fragmentation:  128,128,64,576,256,896,448,1114112,512,320,576,384,66560,1114112,448,640,512,448,66240,1114112,64,192,64,67968,1114112,68416,1114112,68352,68288,2688,2624,2560,2496,2432,2368,2304,2240,2176,2112,2048,1984,1920,1856,1792,1728,1664,1600,1536,1472,1408,64
Fragmentation:  128,128,64,576,256,896,448,1179648,512,320,576,384,66560,1179648,448,640,512,448,66240,1179648,64,192,64,67968,1179648,68416,1179648,68352,68288,2688,2624,2560,2496,2432,2368,2304,2240,2176,2112,2048,1984,1920,1856,1792,1728,1664,1600,1536,1472,1408,64
Fragmentation:  128,128,64,576,256,896,448,1245184,512,320,576,384,66560,1245184,448,640,512,448,66240,1245184,64,192,64,67968,1245184,68416,1245184,68352,68288,2688,2624,2560,2496,2432,2368,2304,2240,2176,2112,2048,1984,1920,1856,1792,1728,1664,1600,1536,1472,1408,64
Fragmentation:  128,128,64,576,256,896,448,1310720,512,320,576,384,66560,1310720,448,640,512,448,66240,1310720,64,192,64,67968,1310720,68416,1310720,68352,68288,2688,2624,2560,2496,2432,2368,2304,2240,2176,2112,2048,1984,1920,1856,1792,1728,1664,1600,1536,1472,1408,64
Fragmentation:  128,128,64,576,256,896,448,1376256,512,320,576,384,66560,1376256,448,640,512,448,66240,1376256,64,192,64,67968,1376256,68416,1376256,68352,68288,2688,2624,2560,2496,2432,2368,2304,2240,2176,2112,2048,1984,1920,1856,1792,1728,1664,1600,1536,1472,1408,64
Fragmentation:  128,128,64,576,256,896,448,1441792,512,320,576,384,66560,1441792,448,640,512,448,66240,1441792,64,192,64,67968,1441792,68416,1441792,68352,68288,2688,2624,2560,2496,2432,2368,2304,2240,2176,2112,2048,1984,1920,1856,1792,1728,1664,1600,1536,1472,1408,64
Fragmentation:  128,128,64,576,256,896,448,1507328,512,320,576,384,66560,1507328,448,640,512,448,66240,1507328,64,192,64,67968,1507328,68416,1507328,68352,68288,2688,2624,2560,2496,2432,2368,2304,2240,2176,2112,2048,1984,1920,1856,1792,1728,1664,1600,1536,1472,1408,64
Fragmentation:  128,128,64,576,256,896,448,1573376,320,576,384,66560,1573312,640,512,448,66240,1572928,192,64,67968,1641280,1641216,68288,2688,2624,2560,2496,2432,2368,2304,2240,2176,2112,2048,1984,1920,1856,1792,1728,1664,1600,1536,1472,1408,64
Fragmentation:  128,128,64,576,256,896,448,1573376,320,576,384,66560,1573312,640,512,448,66240,1572928,192,64,67968,1641280,1641216,68288,2688,2624,2560,2496,2432,2368,2304,2240,2176,2112,2048,1984,1920,1856,1792,1728,1664,1600,1536,1472,1408,64
Fragmentation:  128,128,64,576,256,896,448,1573376,320,576,384,66560,1573312,640,512,448,66240,1572928,192,64,67968,1641280,1641216,68288,2688,2624,2560,2496,2432,2368,2304,2240,2176,2112,2048,1984,1920,1856,1792,1728,1664,1600,1536,1472,1408,64
Fragmentation:  128,128,64,576,256,896,448,1573376,320,576,384,66560,1573312,640,512,448,66240,1572928,192,64,67968,1641280,1641216,68288,2688,2624,2560,2496,2432,2368,2304,2240,2176,2112,2048,1984,1920,1856,1792,1728,1664,1600,1536,1472,1408,64
Fragmentation:  128,128,64,576,256,896,448,1573376,320,576,384,66560,1573312,640,512,448,66240,1572928,192,64,67968,1641280,1641216,68288,2688,2624,2560,2496,2432,2368,2304,2240,2176,2112,2048,1984,1920,1856,1792,1728,1664,1600,1536,1472,1408,64
Fragmentation:  128,128,64,576,256,896,448,1573376,320,576,384,66560,1573312,640,512,448,66240,1572928,192,64,67968,1641280,1641216,68288,2688,2624,2560,2496,2432,2368,2304,2240,2176,2112,2048,1984,1920,1856,1792,1728,1664,1600,1536,1472,1408,64
Fragmentation:  128,128,64,576,256,896,448,1573376,320,576,384,66560,1573312,640,512,448,66240,1572928,192,64,67968,1641280,1641216,68288,2688,2624,2560,2496,2432,2368,2304,2240,2176,2112,2048,1984,1920,1856,1792,1728,1664,1600,1536,1472,1408,64
Fragmentation:  128,128,64,576,256,896,448,1573376,320,576,384,66560,1573312,640,512,448,66240,1572928,192,64,67968,1641280,1641216,68288,2688,2624,2560,2496,2432,2368,2304,2240,2176,2112,2048,1984,1920,1856,1792,1728,1664,1600,1536,1472,1408,64
Fragmentation:  128,128,64,576,256,896,448,1573376,320,576,384,66560,1573312,640,512,448,66240,1572928,192,64,67968,1641280,1641216,68288,2688,2624,2560,2496,2432,2368,2304,2240,2176,2112,2048,1984,1920,1856,1792,1728,1664,1600,1536,1472,1408,64
Fragmentation:  128,128,64,576,256,896,448,1573376,320,576,384,66560,1573312,640,512,448,66240,1572928,192,64,67968,1641280,1641216,68288,2688,2624,2560,2496,2432,2368,2304,2240,2176,2112,2048,1984,1920,1856,1792,1728,1664,1600,1536,1472,1408,64
Fragmentation:  128,128,64,576,256,896,448,1573376,320,576,384,66560,1573312,640,512,448,66240,1572928,192,64,67968,1641280,1641216,68288,2688,2624,2560,2496,2432,2368,2304,2240,2176,2112,2048,1984,1920,1856,1792,1728,1664,1600,1536,1472,1408,64
Fragmentation:  128,128,64,576,256,896,448,1573376,320,576,384,66560,1573312,640,512,448,66240,1572928,192,64,67968,1641280,1641216,68288,2688,2624,2560,2496,2432,2368,2304,2240,2176,2112,2048,1984,1920,1856,1792,1728,1664,1600,1536,1472,1408,64
Fragmentation:  128,128,64,576,256,896,448,1573376,320,576,384,66560,1573312,640,512,448,66240,1572928,192,64,67968,1641280,1641216,68288,2688,2624,2560,2496,2432,2368,2304,2240,2176,2112,2048,1984,1920,1856,1792,1728,1664,1600,1536,1472,1408,64
Fragmentation:  128,128,64,576,256,896,448,1573376,320,576,384,66560,1573312,640,512,448,66240,1572928,192,64,67968,1641280,1641216,68288,2688,2624,2560,2496,2432,2368,2304,2240,2176,2112,2048,1984,1920,1856,1792,1728,1664,1600,1536,1472,1408,64
Fragmentation:  128,128,64,576,256,896,448,1573376,320,576,384,66560,1573312,640,512,448,66240,1572928,192,64,67968,1641280,1641216,68288,2688,2624,2560,2496,2432,2368,2304,2240,2176,2112,2048,1984,1920,1856,1792,1728,1664,1600,1536,1472,1408,64
Fragmentation:  128,128,64,576,256,896,448,1573376,320,576,384,66560,1573312,640,512,448,66240,1572928,192,64,67968,1641280,1641216,68288,2688,2624,2560,2496,2432,2368,2304,2240,2176,2112,2048,1984,1920,1856,1792,1728,1664,1600,1536,1472,1408,64
Fragmentation:  128,128,64,576,256,896,448,1573376,320,576,384,66560,1573312,640,512,448,66240,1572928,192,64,67968,1641280,1641216,68288,2688,2624,2560,2496,2432,2368,2304,2240,2176,2112,2048,1984,1920,1856,1792,1728,1664,1600,1536,1472,1408,64
Fragmentation:  128,128,64,576,256,896,448,1573376,320,576,384,66560,1573312,640,512,448,66240,1572928,192,64,67968,1641280,1641216,68288,2688,2624,2560,2496,2432,2368,2304,2240,2176,2112,2048,1984,1920,1856,1792,1728,1664,1600,1536,1472,1408,64
Fragmentation:  128,128,64,576,256,896,448,1573376,320,576,384,66560,1573312,640,512,448,66240,1572928,192,64,67968,1641280,1641216,68288,2688,2624,2560,2496,2432,2368,2304,2240,2176,2112,2048,1984,1920,1856,1792,1728,1664,1600,1536,1472,1408,64
Fragmentation:  128,128,64,576,256,896,448,1573376,320,576,384,66560,1573312,640,512,448,66240,1572928,192,64,67968,1641280,1641216,68288,2688,2624,2560,2496,2432,2368,2304,2240,2176,2112,2048,1984,1920,1856,1792,1728,1664,1600,1536,1472,1408,64
Fragmentation:  128,128,64,576,256,896,448,1573376,320,576,384,66560,1573312,640,512,448,66240,1572928,192,64,67968,1641280,1641216,68288,2688,2624,2560,2496,2432,2368,2304,2240,2176,2112,2048,1984,1920,1856,1792,1728,1664,1600,1536,1472,1408,64
Fragmentation:  128,128,64,576,256,896,448,1573376,320,576,384,66560,1573312,640,512,448,66240,1572928,192,64,67968,1641280,1641216,68288,2688,2624,2560,2496,2432,2368,2304,2240,2176,2112,2048,1984,1920,1856,1792,1728,1664,1600,1536,1472,1408,64
Fragmentation:  128,128,64,576,256,896,448,1573376,320,576,384,66560,1573312,640,512,448,66240,1572928,192,64,67968,1641280,1641216,68288,2688,2624,2560,2496,2432,2368,2304,2240,2176,2112,2048,1984,1920,1856,1792,1728,1664,1600,1536,1472,1408,64
Fragmentation:  128,128,64,576,256,896,448,1573376,320,576,384,66560,1573312,640,512,448,66240,1572928,192,64,67968,1641280,1641216,68288,2688,2624,2560,2496,2432,2368,2304,2240,2176,2112,2048,1984,1920,1856,1792,1728,1664,1600,1536,1472,1408,64
Fragmentation:  8323072
Fragmentation:  8321984
Fragmentation:  8323008
Fragmentation:  8323008
Fragmentation:  8323008
Fragmentation:  8323008
Fragmentation:  8323008
Fragmentation:  8323008
Fragmentation:  8323008
Fragmentation:  8323008
Fragmentation:  8323008
Fragmentation:  8323008
Fragmentation:  8323008
Fragmentation:  8323008
Fragmentation:  8323008
Fragmentation:  8323008
Fragmentation:  8323008
Fragmentation:  8384512
Fragmentation:  3072,8056768
Fragmentation:  3072,64,8056704
Fragmentation:  3072,64,8056704
Fragmentation:  3072,64,8056704
Fragmentation:  3072,8384448
Fragmentation:  3072,8318912
Fragmentation:  3072,8318912
Fragmentation:  3072,8318912
Fragmentation:  3072,8318912
Fragmentation:  3072,8318912
Fragmentation:  3072,8318912
Fragmentation:  3072,8318912
Fragmentation:  3072,8318912
Fragmentation:  3072,8318912
Fragmentation:  3072,8318912
Fragmentation:  3072,8318912
Fragmentation:  3072,8318912
Fragmentation:  3072,8318912
Fragmentation:  3072,8318912
Fragmentation:  3072,8318912
Fragmentation:  3072,8318912
Fragmentation:  3072,8318912
Fragmentation:  3072,8318912
Fragmentation:  3072,8318912
Fragmentation:  3072,8318912
Fragmentation:  3072,8318912
Fragmentation:  3072,8318912
Fragmentation:  3072,8318912
Fragmentation:  3072,8318912
Fragmentation:  3072,8318912
Fragmentation:  3072,8318912
Fragmentation:  3072,8318912
Fragmentation:  3072,8318912
Fragmentation:  3072,8318912
Fragmentation:  3072,8318912
Fragmentation:  3072,8318912
Fragmentation:  3072,8318912
Fragmentation:  3072,8318912
Fragmentation:  3072,8318912
Fragmentation:  3072,8318912
Fragmentation:  3072,8318912
Fragmentation:  3072,8318912
Fragmentation:  3072,8318912
Fragmentation:  3072,8318912
Fragmentation:  3072,8318912
Fragmentation:  3072,8318912
Fragmentation:  3072,8318912
Fragmentation:  3072,8318912
Fragmentation:  3072,8318912
Fragmentation:  3072,8318912
Fragmentation:  3072,8318912
Fragmentation:  3072,8318912
Fragmentation:  3072,8318912
Fragmentation:  3072,8318912
Fragmentation:  3072,8318912
Fragmentation:  3072,8318912
Fragmentation:  3072,8318912
Fragmentation:  3072,8318912
Fragmentation:  3072,8318912
Fragmentation:  3072,8318912
Fragmentation:  3072,8318912
Fragmentation:  3072,8318912
Fragmentation:  3072,8318912
Fragmentation:  3072,8318912
Fragmentation:  8380416
Fragmentation:  8052672
Fragmentation:  64,8052608
Fragmentation:  64,8052608
Fragmentation:  64,8052608
Fragmentation:  8380352
Fragmentation:  8314816
Fragmentation:  8314816
Fragmentation:  8314816
Fragmentation:  8314816
Fragmentation:  8314816
Fragmentation:  8314816
Fragmentation:  8314816
Fragmentation:  8314816
Fragmentation:  8314816
Fragmentation:  8314816
Fragmentation:  8314816
Fragmentation:  8314752
Fragmentation:  8314752
Fragmentation:  8314752
Fragmentation:  8314752
Fragmentation:  8314752
Fragmentation:  8314752
Fragmentation:  8314752
Fragmentation:  8314752
Fragmentation:  8314752
Fragmentation:  8314752
Fragmentation:  8314752
Fragmentation:  8314752
Fragmentation:  8314752
Fragmentation:  8314752
Fragmentation:  8314752
Fragmentation:  8314752
Fragmentation:  8314752
Fragmentation:  8314752
Fragmentation:  8314752
Fragmentation:  8314752
Fragmentation:  8314752
Fragmentation:  8314752
Fragmentation:  8314752
Fragmentation:  8314752
Fragmentation:  8314752
Fragmentation:  8314752
Fragmentation:  8314752
Fragmentation:  8314752
Fragmentation:  8314752
Fragmentation:  8314752
Fragmentation:  8314752
Fragmentation:  8314752
Fragmentation:  8314752
Fragmentation:  8314752
Fragmentation:  8314752
Fragmentation:  8314752
Fragmentation:  8314752
Fragmentation:  8314752
Fragmentation:  8314752
Fragmentation:  8314752
Fragmentation:  8314752
Fragmentation:  8314752
Fragmentation:  8314752
Fragmentation:  8314752
Fragmentation:  8314752
Fragmentation:  8314752
Fragmentation:  8314752
Fragmentation:  8322944
